009721
002284
000714
003267
003715
007275
002304
002480
008941
000570
009968
002385
009249
002934
009239
003524
007403
005113
002504
003559
002634
009780
001053
000510
009112
007722
002866
000996
004685
006919
003620
010492
004768
007675
002231
002290
009048
009456
001491
007139
009731
002930
003249
000005
002769
007188
010038
002188
002378
004743
008205
001344
004709
003732
008848
002982
009408
000715
000539
007394
003754
000985
007641
003528
003585
003513
000498
007572
010393
000661
004411
005116
002989
008887
008243
008217
009094
009097
009788
002024
003777
000517
008132
008128
001311
009164
010068
009257
007649
007624
001497
007796
010504
002851
001532
000578
008845
009174
002856
000719
002646
006895
000589
004885
007172
008915
004706
007388
006901
003589
004423
002380
003450
003424
002179
009739
001067
004083
009988
002625
002929
009755
000535
000478
000074
002485
008913
007646
003591
002802
000504
002635
003003
007600
008125
000775
002852
003256
007777
002208
009378
003586
002522
003616
000989
007805
008896
003699
008091
002686
009079
006933
007197
009122
009072
001516
003617
009358
002706
001314
004729
002080
003433
002448
007327
007287
009308
003682
000506
000610
002404
007669
007573
002274
002525
002972
008952
002736
002727
002702
009791
003595
001011
007745
005086
002815
002999
003658
000630
002863
010267
007520
004863
002430
008800
003188
002369
004096
009598
002777
008846
009234
002739
010284
001521
008812
002397
003749
007382
008152
009862
003515
000601
003793
009733
007083
001493
002536
002757
000596
009053
008888
007186
001004
000717
001048
000687
004130
001024
004428
009914
000616
009310
002896
010334
009589
007644
008183
009250
010279
003449
002332
009127
002766
008818
003643
009295
003199
001049
008904
009458
009029
000532
003744
000731
002375
007594
010277
010230
009214
006945
008850
003011
002705
007480
002255
000606
000718
002936
009457
003813
003526
007483
002173
003751
002226
009099
007490
000470
007685
002406
002606
002638
009049
000067
003745
000784
003495
004137
003720
000634
007705
002711
000013
003808
002317
003811
003774
001531
004122
010494
003277
007301
001069
000627
000887
002400
009320
009953
009874
009130
010074
009043
002898
010804
002624
003478
009987
002807
000707
010482
010326
009462
003729
010303
004421
001302
002363
000702
000556
000672
002905
003428
000585
002302
001478
003463
009828
000592
003502
008233
002202
007347
007771
000716
009654
002198
002841
002979
000778
006872
003582
009287
010639
002890
009980
003547
004424
002645
002726
002847
007689
008995
003611
003510
010694
003557
007654
009957
001528
004076
007098
000954
009326
007300
008898
000643
009277
007622
000475
003280
010551
009593
009316
005145
002650
010839
004111
009908
003636
007762
000560
003769
008969
003648
003693
009730
002541
007746
010382
002629
004871
007725
004783
007628
002759
009977
008871
009366
000497
004090
009737
010364
009403
010489
004858
001324
002468
009848
001057
004697
009116
003565
002742
007619
002472
001027
000534
010491
002778
007613
002227
009121
002489
000981
009440
003702
000006
000734
006920
002436
004153
003612
000586
004720
010497
010228
004848
000662
000703
006882
001525
009432
008982
010056
008180
002961
002931
005146
010697
009106
002268
002602
010723
000016
004434
007535
009705
007504
009834
007817
002677
007230
008821
009799
003512
002359
009868
007525
010681
004714
000611
007082
009845
007710
004088
002870
000902
008146
009290
007711
003465
008165
002735
007616
008154
010470
007798
002741
002386
002893
009732
002037
010519
003700
004406
008249
009767
008907
007643
002439
007427
007407
002299
004444
000637
000983
010300
000946
007340
008844
002364
003660
010387
007706
002423
002036
002803
000752
004687
009068
002182
004136
002455
010251
002490
002649
004849
010399
002382
007784
002335
004710
008098
003659
002454
008799
004675
007688
008981
008142
009138
003765
002349
000743
005141
000594
002217
003005
007334
007678
009441
002744
002077
010339
000549
004845
009785
010014
008144
009744
000742
009597
009913
008918
004708
000531
002471
007637
009858
009881
003525
004715
007443
009810
002800
002861
000785
006921
004789
008914
009991
002709
003538
002704
009243
009025
006918
009849
007595
009964
003723
001039
002748
002781
000749
008840
008986
007730
002734
002717
008120
009091
003101
004782
008086
010398
007246
000011
003649
010696
009783
002465
009923
005131
002346
009892
000971
008218
007558
000969
007218
002941
007580
000086
007516
003486
000763
001486
004777
007579
010048
007691
010009
001017
007761
002221
002920
009169
009954
008953
002425
009111
002817
010687
002940
009753
002067
009459
002642
003772
000021
001313
002958
008868
009860
003000
009160
008975
010286
009151
009880
004750
002411
004707
004752
004157
002297
010289
009041
009971
004415
009077
002833
007852
010046
007243
009826
002266
002183
007205
007311
007566
001015
000646
000537
002253
000575
000581
002746
008229
002819
007605
001511
009417
002544
007766
001044
004879
010727
009311
002545
008222
008253
008245
008858
002235
001487
004955
002927
002272
009363
003198
008841
002515
009722
003487
000676
010343
002839
007760
002775
004874
009774
002675
002872
004847
001001
007587
003767
003747
002612
001513
000916
000745
010018
009389
004165
003097
010269
000891
004403
004440
009004
007202
009434
009085
009851
007499
003505
007626
004763
002413
009588
007158
009595
010067
000901
009328
000730
000976
003726
002960
002482
003646
009129
009846
009590
010355
007832
002797
000554
005571
007534
004404
000747
009859
002224
003703
002249
003641
008831
001345
009792
009986
009839
010272
009998
009284
000710
009080
010049
010344
009003
009278
002836
007729
004109
003761
010690
009108
008221
003816
007648
009465
009073
007731
009769
002200
010233
007277
007303
000693
008832
002373
009966
009967
007755
009360
003241
005104
009781
002493
009706
002623
004094
003584
008199
002070
002908
003787
010478
004124
003577
008792
002351
002263
003733
006937
002264
000684
008853
010562
008852
010261
004790
002527
002997
010700
004125
009251
009889
002877
002478
002276
010384
010258
009061
010308
002333
008877
003822
009885
001333
002689
002019
000689
007345
002259
007524
000757
005138
010368
009952
000688
003553
009313
002065
002379
009117
009149
007442
002738
000934
004151
007853
004075
003622
002825
002062
009293
010058
009950
002945
009447
002899
004774
009359
002953
003554
004079
002619
002502
009317
007241
004422
007503
000897
002668
004701
009229
009907
004121
004110
008197
000669
000699
009450
002832
001490
007633
002662
008854
009909
008239
003688
010312
002805
002028
000604
004875
007695
002538
009410
001028
009743
004702
009090
000617
003015
009825
008881
002871
008143
009452
002659
000076
002342
007087
009142
002865
002360
002911
002603
008219
008112
010044
001332
010037
009793
008269
009916
000577
002034
002075
002535
010472
009956
003263
004678
009984
009322
009947
008875
009258
009304
009489
005127
004725
003531
009460
007680
002441
007386
007366
000593
007602
008806
002782
003651
009353
002495
007402
010634
002859
008836
002716
010285
009895
003610
000471
010680
003730
003588
010270
010043
003517
002027
008810
009949
009896
009292
008178
003810
010219
007837
007411
002969
007670
007718
009651
007790
008176
004853
000500
007418
010073
003650
004087
002688
003670
002483
010016
007492
000984
004486
009873
008948
010336
002701
009409
007320
003436
000988
000681
007377
003558
009009
002035
009395
002752
000652
005110
007655
007556
005140
002795
010282
008822
010395
002729
002176
009325
010375
003511
000529
000483
004872
007093
008945
007306
001527
001031
009872
007431
007589
009074
001055
002389
002394
003759
007759
007379
007781
002906
004431
000061
009372
002384
009367
008951
010360
001042
008214
000557
007424
010392
005125
002463
008976
007312
003203
003262
010348
009115
002928
000615
002203
005569
007607
002980
003432
000526
008849
009060
003722
002730
008931
002029
000473
001305
001308
009959
002281
004772
004120
004112
009300
001323
000644
000753
007531
002234
010236
002039
000695
008234
002474
009453
010260
008937
002289
008123
010332
002225
010476
010693
004147
009052
003479
000613
000740
010301
009918
008235
010647
002390
008257
007740
008964
002069
007543
001029
007733
002273
003430
007391
007743
002438
009371
009920
003438
002303
000527
002388
003667
007791
003713
009024
004086
009729
009796
006934
008902
001066
003692
002396
008961
004117
002964
000751
009461
002392
002210
009002
007773
002712
002503
001043
003437
000668
007623
005134
001480
003426
010721
005117
000465
007408
002733
007229
008232
003827
003012
001058
007449
009738
003546
009016
004408
009782
002022
004077
007767
009023
007430
000674
002962
008825
002366
010317
009894
004091
010322
003570
000618
007752
000091
009912
002809
010309
002793
002790
004693
007683
009028
002594
007437
002450
000701
004844
002669
000895
007728
000469
007750
009019
007661
010346
003599
003724
003466
009119
003544
002428
010479
007310
002975
002821
007478
002881
002627
009319
004692
009407
002776
001512
010566
002835
003556
008099
007406
000553
000986
007713
007278
002510
002068
009847
002434
009281
009071
009942
009356
000682
010633
000620
010684
002307
004741
002672
002942
009710
007574
003750
010704
008992
010078
003509
002064
009411
002514
009398
002846
007179
000523
003701
009773
009036
002368
003675
002414
001022
002784
009931
002640
004438
004143
000700
002765
008151
000671
010328
007356
002337
002296
008916
009066
000543
002648
003821
004869
009274
000065
003598
009910
009259
001052
003621
002956
002486
002408
010474
008834
007554
003719
003785
010677
000087
010331
001303
008910
000706
007699
006874
004740
009373
010306
003490
007562
007530
007432
009237
002044
002663
007788
007772
009208
000068
009922
000783
002886
002992
001299
001061
007373
002446
003676
009173
000973
008837
000765
002532
002986
002189
009134
009368
000530
000909
009905
001032
009064
010473
008876
007187
002827
002508
007614
001483
009866
000619
002452
004410
007497
003790
002267
007104
002658
003638
003568
009058
010501
009101
008238
008983
002824
009032
008819
002367
008933
007827
007787
008265
009155
010508
008248
009021
001488
010314
002607
002935
002780
009903
009944
002720
009301
002756
008972
002676
002432
002078
009011
009969
002842
009386
004688
009063
010493
009211
008997
004861
002801
004723
003451
008216
000571
009218
006946
003535
000633
007818
009172
005130
010352
000607
000064
008929
008130
008149
009262
009137
000466
009994
007779
003456
006947
000750
003739
003527
007780
010237
008857
010341
010017
004751
003261
003746
002895
000760
002806
009166
009132
003008
003773
009399
007640
002431
000538
000072
010013
001040
000886
004380
010498
007836
010337
010011
003484
007809
002233
002888
002172
002981
003784
003721
003014
007631
009997
007445
008919
002213
000516
007489
002787
002721
002900
002661
004435
002971
002066
004882
007627
004679
000696
006873
008968
007763
004161
003815
005126
009165
003671
009096
008967
004745
002696
003567
001477
004399
002262
000758
000582
003604
003460
007069
003580
003711
007309
010396
000014
002767
009244
002694
001534
003545
007500
009883
003518
009230
009156
006903
000705
010496
007413
001304
009143
006923
003714
002427
008163
002079
009352
007768
002966
000748
000675
007737
001533
002925
009401
000755
010290
008869
007810
000505
009946
009757
009171
002033
003707
000964
010274
009209
007286
009000
002996
010072
009406
002500
009120
008798
009054
007435
004791
010266
009413
002287
000545
000007
010819
000015
001519
000572
008192
002403
003799
009298
002993
006761
007727
008911
004139
007149
007831
004437
007507
000590
002353
000650
003201
003633
003572
003001
009704
009286
002305
007152
004716
009798
002713
004095
001482
004115
009140
007664
009965
004441
002391
002751
004443
009105
010330
008191
002420
008999
000770
004414
002354
003797
002543
009100
009136
004850
000533
002864
009273
000567
007692
000090
001018
000548
007153
009248
004797
003686
003731
007765
002814
002405
003807
002773
008159
004886
002458
009734
010505
008912
009087
009414
000001
006852
003706
003653
003796
003501
010510
001047
009312
002977
003781
002693
002621
003252
003680
007529
007774
010262
002932
000565
010730
007302
000595
002798
003185
007694
003506
005122
009296
009035
003771
010263
007601
004123
004439
004152
008255
003541
000726
008811
002618
009148
007563
007552
009266
007519
009583
009993
000493
009270
009855
008228
002447
002636
008226
009294
009050
003443
002201
010500
005106
007657
003499
008141
002370
008905
003645
004407
001300
000544
009454
008195
009135
004786
004724
010051
003666
001520
009871
002073
002358
000010
004840
006944
001515
000542
007488
008950
000053
009442
009269
002923
009128
001310
000774
002670
009836
009803
008793
002681
008182
004448
009017
009939
008894
004788
002855
010380
009463
008801
009884
000541
003472
010271
002026
002963
009390
007704
002196
010005
003550
010638
002840
007423
000762
007650
004747
000664
005123
007225
003710
003099
004689
002195
005133
009104
003677
002180
009107
003461
007645
000522
007677
003529
002445
010020
007283
010357
001337
009256
009015
002475
004780
002340
002219
007642
007439
009175
004839
001035
003522
001316
007420
004784
009177
002300
002949
007227
007697
002682
000580
007735
002421
002791
007660
009263
002879
004793
000656
007526
004138
002194
002904
007596
009152
002818
004843
010372
000992
009381
002174
000991
010724
009098
003657
010564
003764
009034
002534
000654
009937
000893
002967
002517
006904
008965
004762
000540
007284
008148
002501
010350
007147
007484
002222
002520
008260
004854
002644
002372
008156
009840
001495
002912
009383
010063
008207
007419
003691
000677
007751
000723
003594
004089
003560
009279
002320
008943
008882
008978
008173
008188
007672
000982
010358
009814
003652
001014
003802
002318
000481
002402
002488
002913
004959
004727
004419
008859
002678
007806
010379
007756
002356
009388
010383
000733
008203
003552
009206
005137
009741
003791
002177
002038
004159
010362
002695
009800
010052
001051
002294
002524
010304
002657
000512
009930
003253
000772
009018
003537
007635
004773
008264
000482
002718
002250
005111
007157
005147
002350
003566
004733
007290
000939
003204
009835
003274
009940
008873
007785
009742
010728
010838
000464
003435
002399
009306
004736
002732
009351
002714
000008
002715
000584
009806
007222
003763
007712
000608
002916
010386
002597
008131
001485
003775
009247
002684
002763
004133
010558
002440
003608
010651
010234
009027
000546
009973
002915
007511
002218
000629
009062
007521
000657
000704
000492
006931
000069
004703
001339
009387
002280
003440
009253
009159
010486
009934
007561
009824
010376
007537
002656
008096
010077
005097
007092
005144
001000
003826
002085
002309
003637
001341
008186
002529
009324
009084
003825
002626
002880
007789
007404
009768
000673
007396
004842
009745
002511
002519
008268
002269
007183
008828
000663
003429
009309
003259
008942
007392
002387
002479
003002
002808
001063
007578
007410
007638
009446
008225
009850
008826
004426
003800
002838
007606
002270
002509
009236
009428
002228
008921
000975
009082
003439
005132
000777
007783
010517
008946
000495
010481
001317
002823
007201
010070
007540
002909
003496
010055
002229
009370
008259
009329
008996
007843
002084
004084
009915
009932
002082
007658
010354
010004
001023
010391
002424
000562
002072
005930
005103
003206
003697
010649
002794
000017
003783
004150
000978
007317
007385
004859
007185
008121
009199
010349
009226
009787
003457
004401
007428
002256
002277
009433
007702
010369
007482
001320
009093
002521
003718
008179
003569
008935
002311
003669
010062
009451
002220
002988
001484
009449
009288
000020
009265
009879
000649
004132
004851
007707
009361
009996
000597
010299
007362
008118
007621
003673
000665
008193
010471
009766
010338
010506
007219
009005
010259
002494
007617
001535
002691
002828
009102
007625
009861
002786
002830
007546
003576
008895
007687
004686
007264
002600
002770
002613
002708
002959
010250
004694
009902
010560
007829
003504
000713
002516
003778
002395
007738
000974
003735
005102
000732
004857
002740
002473
002484
003257
008923
002703
009314
008906
004742
000077
003488
003491
007400
003624
007820
009375
002707
000063
010002
003794
000599
001522
009014
009426
001008
007653
002442
007679
004698
003823
010374
002313
010054
000781
009215
009010
000591
002687
006840
002476
001321
009887
009797
009853
009904
009804
009760
002758
000648
000528
002288
000088
001068
007647
003689
002755
003668
010353
010245
010247
003728
008201
005120
000603
000709
008864
000952
000712
010365
007532
006927
010502
001034
009154
004074
002212
009655
003551
002596
003540
003265
004135
007200
007603
006892
005142
000062
010324
004877
004680
008181
000754
008155
009109
002186
002528
002338
009841
010490
002771
001307
008206
002868
003452
009714
007446
007835
002869
003264
003664
010495
007498
009808
007533
002834
000768
008839
002700
010678
009444
009374
009241
009006
002813
004126
008246
002344
007590
004758
010333
004713
008109
007491
000666
009759
007141
004442
007539
009435
003196
000502
002723
001343
001322
002499
007398
003574
006863
003812
010563
003523
010363
006940
002341
004166
008169
002692
003459
010507
007333
007436
000764
002459
001329
007564
002599
007101
004140
000496
004880
000479
004722
009842
010295
007676
000782
010388
003532
008236
002611
009246
002355
000480
010318
009771
009929
004718
003514
003564
002774
007393
002417
000536
004162
009911
002334
004769
001318
003248
002306
010298
009042
007770
009596
003760
002926
004753
000583
009377
007161
002983
004082
009901
009095
002902
003583
007612
003474
010323
003803
010733
003609
010685
008991
009724
008160
002955
004142
007666
008863
009821
003575
003205
009936
003441
009802
002261
010329
009057
007415
009078
002660
000773
002873
007744
009037
000779
001056
002308
003738
003579
009811
004767
000736
008145
002539
007584
010686
009765
007293
003655
000653
010010
008196
000600
010731
003516
002937
010549
009990
010061
002914
002917
003458
005129
002985
010321
007741
004766
000079
002722
009815
002481
004792
003555
009864
002853
007592
003725
007422
001510
002466
008944
001328
000518
009163
009827
007757
005924
002654
002315
006822
003442
003100
009038
002816
003817
002206
002764
010509
003672
009240
005124
008827
007553
008817
001301
008250
003716
007527
010268
009981
009167
009086
002737
004149
000678
010053
007778
007696
009045
009261
008823
002628
009962
008267
004155
000966
002456
000084
010692
000977
002919
003492
004156
008175
008263
008242
007849
000724
007405
002655
008958
010256
004073
007496
000514
002021
000999
009979
007523
003661
007544
010231
010307
002507
007632
010373
005128
000520
010552
010293
010253
002365
000722
008189
007542
002310
009385
003665
002321
003549
001064
000720
003789
000019
003542
000085
000490
007429
001330
000075
010320
000761
008956
002697
001054
007346
010255
002974
003473
004755
008802
010643
009832
002443
009055
008984
000741
009863
000487
000993
000568
003573
002023
008838
007671
007444
009487
010732
000563
004947
007693
000494
000697
009933
008202
001518
009795
009362
004145
002546
002857
007724
000605
002460
003709
009158
002950
009982
002725
003647
000073
007440
007815
004691
010359
002422
010069
007487
002854
010565
007270
003193
010047
004717
003508
007753
006936
002407
009439
004770
007517
009992
000587
002409
002187
000698
000965
007417
008959
000769
009488
000488
002719
002547
004794
009985
003470
007673
009110
007486
009972
004737
002844
008962
000489
003798
007749
002754
004856
000635
009818
007547
007577
009865
003705
004855
007426
009145
002230
008211
009267
008170
008187
002257
001342
000647
004711
002512
010642
010273
001026
009013
000509
004418
002643
007180
004416
009726
000550
002792
000744
009876
007318
010385
004413
009445
002279
007665
007399
002614
003534
002190
001517
008903
008184
009813
002946
003629
007709
005114
003446
010248
003734
009327
009069
009955
002376
004739
002779
008824
009030
000679
008856
008872
001312
003489
002731
009044
008833
007581
008261
010022
009040
009255
007634
009231
002788
000711
003687
008908
003246
007380
003507
009397
000987
004705
004726
008213
007154
007323
006883
002605
004719
002810
007508
003190
008899
006835
010516
009075
004796
002469
007412
010325
002286
002418
002783
010644
009272
002374
000737
010065
002944
003170
008932
008949
007518
002630
002312
009448
004420
006875
007734
009723
003536
007196
002954
008240
003756
002362
002760
006929
002903
002435
002651
001016
004881
002191
007163
007742
002987
007668
010019
004781
002271
008938
002248
002785
004696
002352
008866
002933
000766
009794
009103
001335
000655
002437
003445
009123
008162
008867
003627
000628
008119
009283
007610
